fun0
8.750249e-155
4.630657e-152
2.294473e-156
6.385609e-152
1.752258e-153
5.420475e-154
2.061280e-152
2.520328e-154
2.440783e-153
3.155754e-153
2.341123e-153
6.963952e-153
1.907713e-153
3.216777e-153
1.544296e-154
9.166685e-155
1.115041e-153
7.641714e-156
6.698296e-155
3.567612e-151
3.450910e-154
1.248943e-155
3.567977e-153
7.097538e-155
1.339572e-153
9.999540e-154
6.961312e-153
8.542515e-153
9.000113e-154
1.477679e-152
fun1
7.393416e-088
1.822299e-087
4.088090e-088
1.735764e-087
1.848897e-087
2.275208e-087
8.098586e-088
3.216894e-088
8.823972e-088
3.927739e-088
2.482134e-087
1.240858e-087
4.755475e-089
1.138110e-088
2.129016e-088
2.398737e-088
1.173087e-088
2.631777e-088
2.585652e-088
9.042920e-088
6.112104e-089
3.171643e-088
5.254547e-087
3.903642e-088
6.832833e-088
2.403750e-087
4.181273e-089
1.107390e-087
1.271410e-088
8.053629e-087
fun2
9.969299e-011
5.055049e-011
7.050952e-010
5.393558e-009
2.763065e-010
1.009549e-009
6.090095e-011
1.102320e-010
5.557671e-011
4.473229e-010
9.997306e-010
1.715475e-010
3.880949e-009
4.542778e-011
2.080051e-010
7.866591e-011
2.017979e-011
1.134195e-009
7.633486e-010
2.072803e-011
9.994668e-011
5.406963e-011
4.199306e-010
2.413210e-010
6.221763e-011
2.502475e-010
2.154208e-009
2.246486e-010
1.609953e-010
1.175725e-008
fun3
8.170459e-001
1.072586e+001
6.630398e+000
3.445347e+000
9.046312e-001
1.185404e+000
6.504781e+000
4.103643e+000
2.158303e+000
2.315445e+000
1.564325e+000
1.010836e+001
5.104616e+000
7.664580e+000
4.442869e+000
3.553521e+000
2.251560e+000
2.938516e+000
1.043558e+000
7.093647e-001
5.220817e-001
7.273596e+000
5.542310e+000
4.571705e+000
2.710564e+000
5.993462e+000
1.604870e+000
4.329116e+000
2.023535e+000
7.208150e+000
fun4
2.246941e-011
2.749123e-013
3.986624e+000
5.675755e-012
2.121530e-026
1.224629e-013
3.773200e-012
5.779472e-014
1.739694e-013
5.871644e-013
2.047486e-016
1.114388e-012
9.701613e-014
1.439967e-015
8.210955e-013
7.119026e-015
4.680306e-020
3.988639e-016
8.285085e-012
7.861526e-014
6.282273e-018
1.464318e-013
3.466118e-016
5.116574e-013
7.025836e-013
1.131029e-010
3.118712e-020
1.103354e-006
3.169188e-013
3.986624e+000
fun5
0.000000e+000
0.000000e+000
0.000000e+000
0.000000e+000
0.000000e+000
0.000000e+000
0.000000e+000
0.000000e+000
0.000000e+000
0.000000e+000
0.000000e+000
0.000000e+000
0.000000e+000
0.000000e+000
0.000000e+000
0.000000e+000
0.000000e+000
0.000000e+000
0.000000e+000
0.000000e+000
0.000000e+000
0.000000e+000
0.000000e+000
0.000000e+000
0.000000e+000
0.000000e+000
0.000000e+000
0.000000e+000
0.000000e+000
0.000000e+000
fun6
1.500526e-003
1.289194e-003
2.784590e-003
1.504596e-003
1.739313e-003
1.363626e-003
7.868800e-004
1.239500e-003
1.324026e-003
1.305569e-003
2.021284e-003
1.248870e-003
1.170119e-003
2.162348e-003
1.555554e-003
1.324829e-003
9.408224e-004
1.759279e-003
9.322995e-004
1.396772e-003
1.016880e-003
1.365815e-003
3.297797e-003
1.979735e-003
1.469746e-003
1.301478e-003
2.384874e-003
1.150769e-003
1.620151e-003
1.433972e-003
fun7
1.338183e-002
1.338183e-002
1.338183e-002
1.338183e-002
1.338183e-002
1.184517e+002
1.338183e-002
1.338183e-002
1.338183e-002
1.338183e-002
1.338183e-002
1.338183e-002
1.338183e-002
1.338183e-002
1.338183e-002
1.338183e-002
1.338183e-002
1.338183e-002
1.184517e+002
1.338183e-002
1.338183e-002
1.338183e-002
1.338183e-002
1.338183e-002
1.338183e-002
1.338183e-002
1.338183e-002
1.338183e-002
1.338183e-002
1.338183e-002
fun8
0.000000e+000
0.000000e+000
0.000000e+000
0.000000e+000
0.000000e+000
0.000000e+000
0.000000e+000
0.000000e+000
0.000000e+000
0.000000e+000
0.000000e+000
0.000000e+000
0.000000e+000
0.000000e+000
0.000000e+000
0.000000e+000
0.000000e+000
0.000000e+000
0.000000e+000
0.000000e+000
0.000000e+000
0.000000e+000
0.000000e+000
0.000000e+000
9.949591e-001
0.000000e+000
0.000000e+000
0.000000e+000
0.000000e+000
0.000000e+000
fun9
7.549517e-015
3.996803e-015
7.549517e-015
3.996803e-015
3.996803e-015
3.996803e-015
7.549517e-015
7.549517e-015
3.996803e-015
3.996803e-015
3.996803e-015
7.549517e-015
3.996803e-015
3.996803e-015
7.549517e-015
3.996803e-015
7.549517e-015
7.549517e-015
3.996803e-015
7.549517e-015
3.996803e-015
7.549517e-015
7.549517e-015
7.549517e-015
7.549517e-015
7.549517e-015
3.996803e-015
3.996803e-015
7.549517e-015
7.549517e-015
fun10
0.000000e+000
0.000000e+000
0.000000e+000
0.000000e+000
0.000000e+000
0.000000e+000
0.000000e+000
0.000000e+000
0.000000e+000
0.000000e+000
0.000000e+000
0.000000e+000
0.000000e+000
0.000000e+000
0.000000e+000
7.396040e-003
0.000000e+000
0.000000e+000
0.000000e+000
0.000000e+000
0.000000e+000
0.000000e+000
0.000000e+000
0.000000e+000
0.000000e+000
0.000000e+000
9.857285e-003
0.000000e+000
9.857285e-003
0.000000e+000
fun11
1.570545e-032
1.570545e-032
1.570545e-032
1.570545e-032
1.570545e-032
1.570545e-032
1.570545e-032
1.570545e-032
1.570545e-032
1.570545e-032
1.570545e-032
1.570545e-032
1.570545e-032
1.570545e-032
1.570545e-032
1.570545e-032
1.570545e-032
1.570545e-032
1.570545e-032
1.570545e-032
1.570545e-032
2.086853e-032
1.570545e-032
1.570545e-032
1.570545e-032
1.570545e-032
1.570545e-032
1.570545e-032
1.570545e-032
1.570545e-032
fun12
1.473043e-032
1.842822e-032
1.349784e-032
1.349784e-032
1.349784e-032
1.349784e-032
1.349784e-032
1.349784e-032
1.473043e-032
1.349784e-032
1.349784e-032
1.349784e-032
1.349784e-032
1.349784e-032
1.349784e-032
1.349784e-032
1.349784e-032
1.349784e-032
1.349784e-032
1.349784e-032
1.349784e-032
1.349784e-032
1.349784e-032
1.349784e-032
2.034480e-031
1.349784e-032
1.349784e-032
1.349784e-032
1.349784e-032
1.349784e-032
