fun0
6.675538e-070
6.234159e-069
2.658454e-069
6.974570e-070
4.889346e-069
3.046978e-069
4.956780e-069
1.535485e-069
1.107665e-069
6.157748e-069
5.499657e-070
1.100149e-068
1.573041e-069
1.613800e-069
1.144020e-069
1.098260e-070
1.772992e-069
3.188560e-069
1.229225e-069
4.494321e-069
7.892711e-069
8.766193e-070
1.942431e-069
2.973497e-069
1.664396e-069
1.544593e-069
1.688650e-069
1.458477e-069
6.745525e-069
4.461420e-069
fun1
2.649842e-041
1.011710e-041
7.234169e-042
6.472186e-042
1.618544e-041
9.846492e-042
7.703702e-042
1.087149e-041
6.391664e-042
2.715831e-041
3.448915e-042
4.702595e-042
9.566474e-042
2.493357e-042
3.667860e-042
3.308992e-042
5.862867e-042
7.498021e-042
7.001882e-042
7.024343e-042
5.250324e-042
1.087499e-041
7.849602e-042
7.120512e-042
1.478431e-041
7.435489e-042
5.703324e-042
3.843049e-042
9.368826e-042
5.271478e-042
fun2
5.334585e+002
6.431289e+002
9.288529e+002
5.753837e+002
7.657403e+002
5.465611e+002
5.364877e+002
5.252196e+002
4.400262e+002
6.293246e+002
5.850409e+002
5.622938e+002
3.189261e+002
5.309326e+002
2.996657e+002
6.925734e+002
6.723155e+002
5.810535e+002
5.543021e+002
7.640912e+002
6.717467e+002
7.217081e+002
7.938702e+002
6.537449e+002
5.647014e+002
6.746770e+002
8.156513e+002
5.689673e+002
5.890924e+002
6.699917e+002
fun3
1.053296e-004
1.062872e-004
4.814617e-005
1.079586e-004
9.370049e-005
1.019660e-004
9.779371e-005
7.168316e-005
1.086075e-004
4.329934e-005
1.571553e-004
5.719975e-005
8.782295e-005
1.012113e-004
5.642022e-005
6.301321e-005
7.780543e-005
8.878027e-005
8.990898e-005
8.922560e-005
8.426979e-005
6.903594e-005
1.079278e-004
8.227268e-005
1.014648e-004
7.771238e-005
8.351224e-005
1.022182e-004
9.920934e-005
8.151355e-005
fun4
2.361281e+001
2.592039e+001
2.339925e+001
2.231981e+001
2.633048e+001
2.445522e+001
2.267056e+001
2.423781e+001
2.507303e+001
2.449952e+001
2.353569e+001
2.447556e+001
2.679530e+001
2.701324e+001
2.073233e+001
2.676964e+001
2.552985e+001
2.266607e+001
2.189402e+001
2.490878e+001
2.186116e+001
2.161539e+001
2.783613e+001
2.563151e+001
2.484589e+001
2.245991e+001
2.614426e+001
2.292624e+001
2.489848e+001
2.345486e+001
fun5
0.000000e+000
0.000000e+000
0.000000e+000
0.000000e+000
0.000000e+000
0.000000e+000
0.000000e+000
0.000000e+000
0.000000e+000
0.000000e+000
0.000000e+000
0.000000e+000
0.000000e+000
0.000000e+000
0.000000e+000
0.000000e+000
0.000000e+000
0.000000e+000
0.000000e+000
0.000000e+000
0.000000e+000
0.000000e+000
0.000000e+000
0.000000e+000
0.000000e+000
0.000000e+000
0.000000e+000
0.000000e+000
0.000000e+000
0.000000e+000
fun6
4.159746e-003
6.629209e-003
3.300163e-003
4.044269e-003
7.687708e-003
5.206562e-003
4.722477e-003
7.087123e-003
5.684617e-003
7.017205e-003
5.061125e-003
4.545116e-003
5.000012e-003
6.365204e-003
6.435246e-003
3.940464e-003
5.265466e-003
4.228029e-003
4.899952e-003
5.870468e-003
5.424238e-003
6.265637e-003
7.113479e-003
3.793649e-003
4.497499e-003
5.701416e-003
2.982134e-003
5.354337e-003
7.008127e-003
8.194443e-003
fun7
1.338183e-002
1.338183e-002
1.338183e-002
1.338183e-002
1.338183e-002
1.338183e-002
1.338183e-002
1.338183e-002
1.338183e-002
1.338183e-002
1.338183e-002
1.338183e-002
1.338183e-002
1.338183e-002
1.338183e-002
1.338183e-002
1.338183e-002
1.338183e-002
1.338183e-002
1.338183e-002
1.338183e-002
1.338183e-002
1.338183e-002
1.338183e-002
1.338183e-002
1.338183e-002
1.338183e-002
1.338183e-002
1.338183e-002
1.338183e-002
fun8
0.000000e+000
0.000000e+000
0.000000e+000
0.000000e+000
0.000000e+000
0.000000e+000
0.000000e+000
0.000000e+000
0.000000e+000
0.000000e+000
0.000000e+000
0.000000e+000
0.000000e+000
0.000000e+000
0.000000e+000
0.000000e+000
0.000000e+000
0.000000e+000
0.000000e+000
0.000000e+000
0.000000e+000
0.000000e+000
0.000000e+000
0.000000e+000
0.000000e+000
0.000000e+000
0.000000e+000
0.000000e+000
0.000000e+000
0.000000e+000
fun9
1.465494e-014
1.110223e-014
1.110223e-014
7.549517e-015
7.549517e-015
7.549517e-015
1.110223e-014
1.465494e-014
7.549517e-015
7.549517e-015
7.549517e-015
1.110223e-014
7.549517e-015
7.549517e-015
1.110223e-014
7.549517e-015
7.549517e-015
7.549517e-015
7.549517e-015
1.110223e-014
7.549517e-015
7.549517e-015
7.549517e-015
7.549517e-015
7.549517e-015
7.549517e-015
7.549517e-015
7.549517e-015
1.110223e-014
7.549517e-015
fun10
0.000000e+000
0.000000e+000
0.000000e+000
0.000000e+000
0.000000e+000
0.000000e+000
0.000000e+000
0.000000e+000
0.000000e+000
0.000000e+000
0.000000e+000
0.000000e+000
0.000000e+000
0.000000e+000
0.000000e+000
0.000000e+000
0.000000e+000
0.000000e+000
0.000000e+000
0.000000e+000
0.000000e+000
0.000000e+000
0.000000e+000
0.000000e+000
0.000000e+000
0.000000e+000
0.000000e+000
0.000000e+000
0.000000e+000
0.000000e+000
fun11
1.570545e-032
1.570545e-032
1.570545e-032
1.570545e-032
1.570545e-032
1.570545e-032
1.570545e-032
1.570545e-032
1.570545e-032
1.570545e-032
1.570545e-032
1.570545e-032
1.570545e-032
1.570545e-032
1.570545e-032
1.570545e-032
1.570545e-032
1.570545e-032
1.570545e-032
1.570545e-032
1.570545e-032
1.570545e-032
1.570545e-032
1.570545e-032
1.570545e-032
1.570545e-032
1.570545e-032
1.570545e-032
1.570545e-032
1.570545e-032
fun12
1.349784e-032
1.349784e-032
1.349784e-032
1.349784e-032
1.349784e-032
1.349784e-032
1.349784e-032
1.349784e-032
1.349784e-032
1.349784e-032
1.349784e-032
1.349784e-032
1.349784e-032
1.349784e-032
1.349784e-032
1.349784e-032
1.349784e-032
1.349784e-032
1.349784e-032
1.349784e-032
1.349784e-032
1.349784e-032
1.349784e-032
1.349784e-032
1.349784e-032
1.349784e-032
1.349784e-032
1.349784e-032
1.349784e-032
1.349784e-032
