fun1
6.999854e-163
3.529879e-163
7.915111e-162
1.305726e-161
1.667860e-163
8.447355e-162
5.629359e-163
4.025737e-162
3.982163e-163
2.866323e-162
5.731472e-163
1.298022e-162
3.652569e-162
6.029255e-163
5.304102e-163
4.382108e-162
9.736565e-163
1.839815e-161
5.693870e-162
5.886368e-163
1.505251e-161
3.006926e-163
4.975879e-162
4.906317e-163
8.611589e-163
8.419127e-163
4.302619e-162
2.300290e-161
7.327071e-163
8.572211e-163
fun2
4.861872e-095
5.375403e-095
3.727910e-094
2.883497e-094
1.490241e-094
6.400536e-095
1.427554e-094
7.755251e-094
5.004230e-094
1.365286e-094
1.071208e-094
3.953841e-094
1.291336e-094
1.796131e-094
6.830461e-094
3.760258e-095
3.632467e-094
8.592376e-095
1.759606e-094
6.750066e-094
8.083453e-095
9.313556e-094
3.131380e-095
1.568132e-094
1.264558e-093
4.321214e-094
3.095549e-094
2.367331e-094
3.211153e-094
1.456884e-094
fun3
1.136838e+003
2.332457e+003
1.136698e+003
5.993788e+002
1.558487e+003
7.738574e+002
1.558458e+003
1.664292e+003
9.950848e+002
1.059991e+003
1.415292e+003
2.317224e+003
6.665913e+002
1.233920e+003
1.632390e+003
1.635793e+003
6.140034e+002
7.471952e+002
1.361576e+003
1.109604e+003
2.136823e+003
1.151168e+003
1.850479e+003
7.324969e+002
8.419221e+002
9.783501e+002
1.477381e+003
1.504025e+003
6.458164e+002
1.064907e+003
fun4
1.942189e-017
4.085706e-016
3.639466e-012
3.801756e-011
5.034054e-016
4.013345e-015
1.300337e-013
7.048117e-018
9.732654e-018
1.602352e-012
7.747882e-014
1.712912e-014
1.673468e-017
2.495720e-002
6.239899e-007
5.590971e-018
2.420181e-018
1.447923e-017
7.276327e-017
6.886156e-018
1.921601e-015
1.878343e-016
3.673779e-018
1.346066e-017
2.210006e-016
1.328322e-011
8.070385e-010
1.059967e-017
3.212700e-017
1.002315e-017
fun5
2.010480e+001
2.012342e+001
2.125105e+001
2.213269e+001
2.081373e+001
1.762497e+001
1.782413e+001
1.791078e+001
1.744022e+001
7.103600e+001
1.724414e+001
1.963880e+001
2.150107e+001
1.800313e+001
1.822137e+001
1.994739e+001
2.043192e+001
2.009535e+001
1.880304e+001
2.140413e+001
7.349060e+001
1.760481e+001
2.065206e+001
1.801146e+001
2.065314e+001
1.912627e+001
2.116165e+001
2.352604e+001
2.086982e+001
1.650764e+001
fun6
0.000000e+000
0.000000e+000
0.000000e+000
0.000000e+000
0.000000e+000
0.000000e+000
0.000000e+000
0.000000e+000
0.000000e+000
0.000000e+000
0.000000e+000
0.000000e+000
0.000000e+000
0.000000e+000
0.000000e+000
0.000000e+000
0.000000e+000
0.000000e+000
0.000000e+000
0.000000e+000
0.000000e+000
0.000000e+000
0.000000e+000
0.000000e+000
0.000000e+000
0.000000e+000
0.000000e+000
0.000000e+000
0.000000e+000
0.000000e+000
fun7
2.561970e-003
2.439104e-003
3.140887e-003
2.102275e-003
2.645929e-003
2.959251e-003
2.666156e-003
1.958167e-003
2.344593e-003
2.442071e-003
1.639608e-003
2.078494e-003
2.152646e-003
1.594339e-003
2.456130e-003
1.192970e-003
2.495292e-003
3.015788e-003
1.452551e-003
1.425208e-003
1.641301e-003
2.535530e-003
2.998516e-003
3.073779e-003
2.665164e-003
2.496910e-003
1.395100e-003
1.687591e-003
2.656739e-003
3.747976e-003
fun8
-1.256949e+004
-1.256949e+004
-1.256949e+004
-1.256949e+004
-1.256949e+004
-1.256949e+004
-1.256949e+004
-1.256949e+004
-1.256949e+004
-1.256949e+004
-1.256949e+004
-1.256949e+004
-1.256949e+004
-1.256949e+004
-1.256949e+004
-1.256949e+004
-1.256949e+004
-1.256949e+004
-1.256949e+004
-1.256949e+004
-1.256949e+004
-1.256949e+004
-1.256949e+004
-1.256949e+004
-1.256949e+004
-1.256949e+004
-1.256949e+004
-1.256949e+004
-1.256949e+004
-1.256949e+004
fun9
1.281757e+001
1.908684e+001
8.505197e-012
0.000000e+000
7.264300e+000
2.025367e-010
9.949591e-001
0.000000e+000
1.685756e-005
1.960665e+001
1.642566e-008
0.000000e+000
1.710206e+001
1.746366e+001
0.000000e+000
2.068325e+001
1.889710e+001
9.949591e-001
6.371897e+000
1.967347e+001
0.000000e+000
1.800274e+001
5.009326e-013
2.461084e-008
0.000000e+000
1.989918e+000
1.020965e+001
1.326502e+001
9.841727e-011
0.000000e+000
fun10
7.549517e-015
7.549517e-015
7.549517e-015
7.549517e-015
7.549517e-015
7.549517e-015
7.549517e-015
7.549517e-015
3.996803e-015
7.549517e-015
3.996803e-015
3.996803e-015
7.549517e-015
7.549517e-015
7.549517e-015
7.549517e-015
7.549517e-015
7.549517e-015
3.996803e-015
3.996803e-015
3.996803e-015
7.549517e-015
7.549517e-015
7.549517e-015
3.996803e-015
7.549517e-015
7.549517e-015
7.549517e-015
3.996803e-015
7.549517e-015
fun11
0.000000e+000
0.000000e+000
0.000000e+000
0.000000e+000
0.000000e+000
0.000000e+000
0.000000e+000
0.000000e+000
0.000000e+000
0.000000e+000
0.000000e+000
0.000000e+000
0.000000e+000
0.000000e+000
0.000000e+000
0.000000e+000
0.000000e+000
0.000000e+000
0.000000e+000
0.000000e+000
0.000000e+000
0.000000e+000
0.000000e+000
0.000000e+000
0.000000e+000
0.000000e+000
0.000000e+000
0.000000e+000
0.000000e+000
0.000000e+000
fun12
1.570545e-032
1.570545e-032
1.570545e-032
1.570545e-032
1.570545e-032
1.570545e-032
1.570545e-032
1.570545e-032
1.570545e-032
1.570545e-032
1.570545e-032
1.570545e-032
1.570545e-032
1.570545e-032
1.570545e-032
1.570545e-032
1.570545e-032
1.570545e-032
1.570545e-032
1.570545e-032
1.570545e-032
1.570545e-032
1.570545e-032
1.570545e-032
1.570545e-032
1.570545e-032
1.570545e-032
1.570545e-032
1.570545e-032
1.570545e-032
fun13
1.349784e-032
1.349784e-032
1.349784e-032
1.349784e-032
1.349784e-032
1.349784e-032
1.349784e-032
1.349784e-032
1.349784e-032
1.349784e-032
1.349784e-032
1.349784e-032
1.349784e-032
1.349784e-032
1.349784e-032
1.349784e-032
1.349784e-032
1.349784e-032
1.349784e-032
1.349784e-032
1.349784e-032
1.349784e-032
1.349784e-032
1.349784e-032
1.349784e-032
1.349784e-032
1.349784e-032
1.349784e-032
1.349784e-032
1.349784e-032
