fun1
4.737535e-152
2.068299e-151
8.262103e-152
5.914663e-152
4.650400e-154
5.022588e-153
1.066288e-152
1.230275e-153
6.947576e-151
5.348965e-154
7.358449e-151
2.265041e-152
3.239853e-151
5.808225e-152
3.381972e-150
5.648174e-153
2.888272e-151
1.738366e-149
4.834977e-151
6.464303e-153
4.294420e-152
1.805916e-152
9.493115e-157
1.204865e-151
7.900232e-150
4.324003e-153
5.005234e-153
7.367277e-151
9.767252e-155
6.614053e-151
fun2
4.917415e-089
1.944441e-087
1.982466e-087
7.352588e-088
1.233056e-087
9.640026e-088
1.311591e-086
2.437452e-086
8.550553e-088
4.695954e-088
5.820204e-087
4.603789e-088
2.584470e-088
2.765777e-088
4.831342e-089
6.686977e-086
8.978866e-087
7.119450e-089
7.523872e-087
5.715225e-088
1.644766e-088
8.415705e-086
4.683592e-088
2.086389e-088
2.929795e-087
3.558789e-087
1.624957e-088
3.354804e-088
1.935217e-086
1.161807e-088
fun3
1.798513e-010
5.705327e-010
5.059162e-011
1.660686e-010
1.724928e-009
2.558984e-010
2.456877e-010
1.157428e-010
3.454755e-011
3.415167e-009
2.457442e-009
5.466057e-010
1.478583e-010
1.700674e-009
2.883223e-011
5.643200e-011
3.728929e-010
2.890146e-011
1.726672e-010
2.425918e-010
4.801467e-010
2.895267e-010
7.299280e-009
8.980889e-010
1.194869e-009
2.771281e-010
6.050404e-010
1.235432e-009
9.323259e-010
8.003817e-009
fun4
3.574913e+000
8.975150e+000
3.082540e+000
7.296408e+000
4.525400e+000
3.047296e+000
2.651745e+000
2.176762e+000
5.742834e-001
4.685337e+000
1.142152e+000
1.190385e-001
1.209216e+000
3.297025e+000
4.215127e+000
2.720867e+000
8.092572e+000
9.388696e-001
2.573183e+000
5.007838e+000
2.171832e+000
3.992299e+000
1.153412e+000
4.341116e+000
3.668895e+000
4.205869e+000
4.973369e-001
3.454815e+000
7.488560e+000
1.955918e+000
fun5
6.684880e-014
1.422471e-012
3.986624e+000
1.369360e-010
9.571407e-012
3.986624e+000
1.605959e-013
1.388903e-015
8.855023e-014
1.241242e-018
1.161491e-012
4.972030e-013
4.291432e-012
4.865694e-015
1.445435e-012
8.424787e-014
6.442112e-013
6.840898e-012
8.699049e-013
2.506154e-015
1.895829e-022
2.055596e-012
3.986624e+000
1.038737e-012
3.986624e+000
3.986624e+000
1.111379e-012
1.672537e-011
3.986624e+000
9.088239e-021
fun6
0.000000e+000
0.000000e+000
0.000000e+000
0.000000e+000
0.000000e+000
0.000000e+000
0.000000e+000
0.000000e+000
0.000000e+000
0.000000e+000
0.000000e+000
0.000000e+000
0.000000e+000
0.000000e+000
0.000000e+000
0.000000e+000
0.000000e+000
0.000000e+000
0.000000e+000
0.000000e+000
0.000000e+000
0.000000e+000
0.000000e+000
0.000000e+000
0.000000e+000
0.000000e+000
0.000000e+000
0.000000e+000
0.000000e+000
0.000000e+000
fun7
2.314572e-003
1.897633e-003
1.720863e-003
1.516191e-003
2.187775e-003
2.237880e-003
2.401383e-003
2.310198e-003
2.185076e-003
1.682755e-003
1.250945e-003
1.517763e-003
2.651209e-003
2.076052e-003
1.982140e-003
1.534183e-003
1.117184e-003
1.288454e-003
2.076261e-003
2.265329e-003
2.083013e-003
1.142050e-003
1.924820e-003
1.325978e-003
2.198453e-003
1.702053e-003
4.135653e-003
1.891736e-003
1.322902e-003
1.818115e-003
fun8
-1.256949e+004
-1.256949e+004
-1.256949e+004
-1.256949e+004
-1.256949e+004
-1.256949e+004
-1.256949e+004
-1.245105e+004
-1.256949e+004
-1.256949e+004
-1.256949e+004
-1.256949e+004
-1.256949e+004
-1.256949e+004
-1.256949e+004
-1.245105e+004
-1.256949e+004
-1.256949e+004
-1.245105e+004
-1.245105e+004
-1.256949e+004
-1.256949e+004
-1.256949e+004
-1.256949e+004
-1.256949e+004
-1.256949e+004
-1.256949e+004
-1.256949e+004
-1.256949e+004
-1.256949e+004
fun9
0.000000e+000
0.000000e+000
0.000000e+000
0.000000e+000
0.000000e+000
0.000000e+000
0.000000e+000
0.000000e+000
0.000000e+000
0.000000e+000
0.000000e+000
0.000000e+000
0.000000e+000
0.000000e+000
0.000000e+000
0.000000e+000
0.000000e+000
0.000000e+000
0.000000e+000
0.000000e+000
0.000000e+000
0.000000e+000
0.000000e+000
0.000000e+000
0.000000e+000
9.949591e-001
0.000000e+000
0.000000e+000
0.000000e+000
0.000000e+000
fun10
3.996803e-015
3.996803e-015
3.996803e-015
3.996803e-015
3.996803e-015
7.549517e-015
7.549517e-015
3.996803e-015
3.996803e-015
3.996803e-015
3.996803e-015
7.549517e-015
7.549517e-015
3.996803e-015
7.549517e-015
3.996803e-015
3.996803e-015
7.549517e-015
7.549517e-015
3.996803e-015
3.996803e-015
7.549517e-015
3.996803e-015
3.996803e-015
3.996803e-015
3.996803e-015
7.549517e-015
3.996803e-015
7.549517e-015
3.996803e-015
fun11
0.000000e+000
0.000000e+000
0.000000e+000
0.000000e+000
7.396040e-003
0.000000e+000
0.000000e+000
0.000000e+000
0.000000e+000
0.000000e+000
0.000000e+000
0.000000e+000
0.000000e+000
0.000000e+000
0.000000e+000
0.000000e+000
1.231607e-002
0.000000e+000
0.000000e+000
0.000000e+000
7.396040e-003
0.000000e+000
7.396040e-003
0.000000e+000
0.000000e+000
0.000000e+000
0.000000e+000
0.000000e+000
0.000000e+000
0.000000e+000
fun12
1.570545e-032
1.570545e-032
1.570545e-032
1.570545e-032
1.570545e-032
1.570545e-032
1.570545e-032
1.570545e-032
1.570545e-032
1.570545e-032
1.570545e-032
1.570545e-032
1.570545e-032
1.570545e-032
1.570545e-032
1.570545e-032
1.570545e-032
1.570545e-032
1.570545e-032
1.570545e-032
1.570545e-032
1.570545e-032
1.570545e-032
1.570545e-032
1.570545e-032
1.570545e-032
1.570545e-032
1.570545e-032
1.570545e-032
1.570545e-032
fun13
1.473043e-032
1.349784e-032
1.349784e-032
1.349784e-032
1.349784e-032
1.349784e-032
1.349784e-032
1.349784e-032
1.349784e-032
1.349784e-032
1.349784e-032
1.349784e-032
1.349784e-032
1.349784e-032
1.473043e-032
1.349784e-032
1.349784e-032
1.349784e-032
1.349784e-032
1.349784e-032
1.349784e-032
1.349784e-032
1.349784e-032
1.349784e-032
1.349784e-032
1.349784e-032
1.349784e-032
1.349784e-032
1.473043e-032
1.349784e-032
