fun1
6.120009e-140
1.071691e-140
3.411069e-136
3.048869e-135
1.908770e-135
4.751852e-135
1.393817e-138
1.057821e-135
2.964030e-140
4.838146e-140
6.844083e-138
4.827947e-135
7.456803e-138
2.306759e-134
1.966996e-137
1.983920e-134
1.307922e-133
2.009120e-140
1.446312e-138
2.899441e-135
3.500998e-133
5.716090e-136
4.479387e-133
6.215902e-137
2.061202e-135
1.387928e-138
1.773117e-137
4.839764e-136
3.689649e-135
1.923899e-135
fun2
6.941767e-088
8.899696e-086
9.555849e-088
6.347488e-087
8.858123e-084
1.643904e-085
2.000458e-089
3.345051e-088
1.366711e-086
2.201910e-085
6.761703e-089
1.512687e-086
3.704425e-086
3.487327e-086
2.627303e-088
1.000797e-085
1.071666e-085
4.297160e-087
5.274940e-088
1.095008e-088
2.045965e-086
2.917374e-088
2.500907e-086
3.040844e-088
1.663518e-086
1.589897e-088
9.718769e-087
1.254660e-088
5.631180e-086
1.571306e-088
fun3
3.680696e-008
7.150495e-009
8.696069e-009
1.014680e-008
9.091809e-009
2.634534e-009
8.184821e-009
5.474764e-009
1.457955e-009
5.540869e-008
6.388423e-009
6.336683e-009
4.189605e-008
1.023319e-009
6.225188e-008
1.208080e-007
5.193174e-008
3.130869e-010
5.225124e-009
2.128068e-008
7.854437e-009
2.230293e-007
2.657789e-009
3.204345e-010
5.736807e-008
8.467273e-009
4.337858e-008
4.519185e-007
7.198293e-009
4.608287e-008
fun4
8.829291e-004
5.312723e-004
1.785136e-004
7.410861e-004
1.195083e-003
1.674303e-003
1.697968e-004
1.132355e-004
5.385839e-003
2.672719e-005
5.974112e-004
5.543946e-004
1.828441e-004
7.394127e-005
6.528155e-004
4.730638e-004
1.985896e-004
7.582508e-005
1.284584e-004
4.464103e-004
1.375687e-003
4.362738e-004
1.880936e-004
2.920596e-004
6.207941e-005
7.266276e-004
2.255663e-004
4.329393e-003
5.376698e-005
1.375677e-003
fun5
2.618767e+001
6.746108e+001
9.970724e+000
6.875064e+000
1.558313e+001
1.534977e+001
1.581323e+001
1.081190e+001
7.604996e+001
1.629672e+001
7.751042e+001
5.849827e-001
9.754120e-003
1.414738e+001
1.471314e+001
1.687964e+001
9.705553e+000
1.791861e+001
1.513276e+001
1.521152e+001
1.455414e+001
1.605899e+001
5.305398e+000
1.281219e+001
1.523718e+001
3.731850e-001
1.297401e-001
7.796924e+001
1.734629e+001
1.808937e+001
fun6
0.000000e+000
0.000000e+000
0.000000e+000
0.000000e+000
0.000000e+000
0.000000e+000
0.000000e+000
0.000000e+000
0.000000e+000
0.000000e+000
0.000000e+000
0.000000e+000
0.000000e+000
0.000000e+000
0.000000e+000
0.000000e+000
0.000000e+000
0.000000e+000
0.000000e+000
0.000000e+000
0.000000e+000
0.000000e+000
0.000000e+000
0.000000e+000
0.000000e+000
0.000000e+000
0.000000e+000
0.000000e+000
0.000000e+000
0.000000e+000
fun7
1.193006e-003
1.766354e-003
1.739031e-003
1.145790e-003
2.543039e-003
1.498337e-003
1.180987e-003
1.921499e-003
2.503827e-003
1.624882e-003
2.599510e-003
2.301443e-003
1.939638e-003
8.358835e-004
1.664570e-003
2.568509e-003
2.087923e-003
1.992156e-003
3.404859e-003
1.087894e-003
1.480885e-003
1.024775e-003
2.010357e-003
3.075786e-003
2.104736e-003
2.227191e-003
1.293847e-003
9.742472e-004
2.160236e-003
8.425172e-004
fun8
-5.975976e+003
-5.776981e+003
-5.778424e+003
-6.014098e+003
-6.212956e+003
-7.022011e+003
-6.054870e+003
-7.377639e+003
-6.726099e+003
-7.040478e+003
-8.263030e+003
-7.219799e+003
-7.377743e+003
-7.512872e+003
-7.219641e+003
-6.212907e+003
-6.666913e+003
-6.525418e+003
-7.298700e+003
-8.917448e+003
-4.534815e+003
-5.798148e+003
-6.823408e+003
-6.448279e+003
-5.916765e+003
-4.574227e+003
-5.304603e+003
-5.186357e+003
-8.009485e+003
-6.962992e+003
fun9
4.775797e+001
2.387900e+001
4.875287e+001
4.278320e+001
2.885380e+001
3.581850e+001
4.875291e+001
3.084371e+001
3.382858e+001
3.581850e+001
4.775797e+001
4.278318e+001
3.581848e+001
4.278320e+001
6.765703e+001
2.387901e+001
3.681346e+001
3.283363e+001
4.974788e+001
4.576806e+001
2.586893e+001
2.586893e+001
1.134249e+002
2.387900e+001
5.173779e+001
3.084371e+001
3.283362e+001
3.382856e+001
2.984876e+001
2.885379e+001
fun10
7.549517e-015
7.549517e-015
7.549517e-015
7.549517e-015
7.549517e-015
7.549517e-015
7.549517e-015
7.549517e-015
7.549517e-015
1.646224e+000
7.549517e-015
7.549517e-015
7.549517e-015
7.549517e-015
7.549517e-015
7.549517e-015
7.549517e-015
7.549517e-015
7.549517e-015
7.549517e-015
7.549517e-015
7.549517e-015
7.549517e-015
7.549517e-015
7.549517e-015
7.549517e-015
7.549517e-015
7.549517e-015
7.549517e-015
7.549517e-015
fun11
1.724102e-002
0.000000e+000
0.000000e+000
3.920166e-002
9.864672e-003
0.000000e+000
0.000000e+000
7.396040e-003
2.215614e-002
9.857285e-003
0.000000e+000
1.231607e-002
0.000000e+000
0.000000e+000
0.000000e+000
0.000000e+000
0.000000e+000
0.000000e+000
6.377267e-002
3.676965e-002
5.620684e-002
7.396040e-003
7.396040e-003
1.969736e-002
9.857285e-003
1.231607e-002
5.397616e-002
1.231607e-002
9.857285e-003
4.890558e-002
fun12
1.570545e-032
1.699622e-032
2.086853e-032
1.570545e-032
1.036690e-001
1.570545e-032
1.036690e-001
1.036690e-001
1.570545e-032
1.570545e-032
1.570545e-032
2.086853e-032
1.570545e-032
1.570545e-032
1.570545e-032
1.036690e-001
1.570545e-032
1.570545e-032
1.570545e-032
3.635778e-032
1.036690e-001
1.570545e-032
5.182541e-001
1.570545e-032
9.369247e-001
1.570545e-032
1.036690e-001
1.570545e-032
2.215930e-032
1.570545e-032
fun13
4.431272e-032
2.096110e-031
1.098737e-002
1.842822e-032
1.098737e-002
3.445196e-032
1.349784e-032
1.842822e-032
1.966081e-032
1.098737e-002
1.098737e-002
1.098737e-002
1.098737e-002
1.842822e-032
3.938234e-032
1.098737e-002
2.145414e-031
1.098737e-002
1.349784e-032
2.705638e-032
2.335860e-032
1.966081e-032
1.098737e-002
1.098737e-002
1.966081e-032
1.842822e-032
1.098737e-002
1.842822e-032
1.349784e-032
1.098737e-002
